1. 0.0002991517313975866
. 0.0002732189279722515
3. 0.00010388654474725586
2. 6.56454807317355e-05
! 2.0091711525688223e-05
? 1.626939452525099e-05
1 8.533823748459516e-06
2 6.738903865918502e-06
3 6.019827084551562e-06
4 5.16081981847322e-06
5 4.183239186897725e-06
10 2.7266350192861484e-06
6 1.9895841036023836e-06
7 1.9277081767755533e-06
9 1.5895147521071216e-06
> 9.863259627793488e-07
8 8.791304001986782e-07
* 8.28329552411876e-07
14 5.610030870303616e-07
12 5.10443151182689e-07
15 4.5242513645177605e-07
??? 4.1992493454056025e-07
13 4.1584961581513494e-07
19 3.7979555001911203e-07
11 3.735961958874149e-07
17 3.50342158558411e-07
!!! 2.36858794373637e-07
16 2.2729695231011833e-07
( 2.2427885061969426e-07
18 1.8065242423491196e-07
(1) 1.3643599407434397e-07
!!!!! 1.0751835831096199e-07
(2) 9.963933008450439e-08
- 9.88765183802321e-08
, 9.297839739555045e-08
!! 8.157706023215487e-08
or 6.738202958982966e-08
Next 5.294829950093962e-08
20 4.8602712426468274e-08
25 4.7038802278212906e-08
1 4.631529703228571e-08
(3) 4.598430710051008e-08
in 4.030145127185602e-08
I 4.012988574559173e-08
Previous 3.8300253047348067e-08
Question 3.7490087154415236e-08
27 3.51396518652305e-08
In 3.225909867738922e-08
21 3.1751510235559374e-08
150 3.1449963591153405e-08
