. 0.002265545222481308
1. 0.001224363761672735
3. 0.00034469254447543556
? 0.00031817799499882183
2. 0.00029404169850299263
4. 0.00028697176191235554
! 0.00027750376803333703
2 1.5239058054516177e-05
1 1.2986991479069346e-05
3 1.220127808629804e-05
4 1.14880471253797e-05
5 8.618743373371732e-06
• 6.610504671437004e-06
10 5.675076428994224e-06
9 4.924520373174063e-06
6 4.810657309581368e-06
7 3.983547010602045e-06
> 2.6834275815816605e-06
8 1.9701162009650254e-06
* 1.5871854169852374e-06
??? 1.3619585415581777e-06
14 1.1604651587256855e-06
12 1.0776825360608846e-06
11 1.0158475361188152e-06
19 8.086381620335521e-07
15 8.056868665318328e-07
13 7.910530770828705e-07
17 7.660450838793927e-07
!!! 5.295030842556913e-07
(1) 5.21985513503414e-07
( 5.186482454595756e-07
-- 5.066762919762098e-07
18 4.2171353479531665e-07
16 3.5458742872609786e-07
(2) 2.3688827435047638e-07
- 1.9130978808542283e-07
!!!!! 1.852915359104809e-07
, 1.784842153820512e-07
Next 1.5558742355194168e-07
!! 1.523635779622297e-07
I 1.5210170894851757e-07
or 1.22225024377073e-07
(3) 1.1925957293453183e-07
and 1.033619792115947e-07
Question 8.279340495988865e-08
in 7.5419137758132e-08
Introduction 7.378393125858515e-08
21 7.074342633593997e-08
25 6.750093600101939e-08
Previous 6.686232909017152e-08
