. 0.00040386515052118427
1. 0.00020247705133246617
3. 7.22610607322272e-05
2. 6.888852596523305e-05
? 3.063533239540989e-05
! 2.7901968758423933e-05
1 4.8892063049913755e-06
2 3.90964011885779e-06
3 3.0907734071764928e-06
4 2.864444413899995e-06
5 2.4657638299703226e-06
> 1.360354739035017e-06
6 1.1158993503390592e-06
10 1.0450129549338353e-06
7 7.7097534212673e-07
* 7.05611004484856e-07
??? 5.77301426299075e-07
9 5.713295250110629e-07
8 4.3617307254048113e-07
( 2.929212890021597e-07
-- 2.86068449348886e-07
14 2.7932158344050347e-07
12 2.5797448572342743e-07
17 2.384958318305519e-07
15 2.208785491702151e-07
19 2.2028753079854823e-07
11 2.1957849025391002e-07
13 1.9060551853539121e-07
(1) 1.8533143198605361e-07
!!! 1.8526432491077085e-07
, 1.624895663530288e-07
(2) 1.473680536574593e-07
16 1.405927606523413e-07
- 1.335270059730736e-07
!!!!! 1.0055126090056969e-07
18 9.275702790220476e-08
!! 7.765656286807418e-08
I 7.459305692564162e-08
or 6.486753437837058e-08
in 6.252538426521399e-08
In 5.281946590989978e-08
A 4.78372429779613e-08
21 4.574938010263028e-08
20 4.4081481776270935e-08
22 4.3927131805988694e-08
25 4.232169195446231e-08
and 4.088117575350068e-08
27 3.633822385739611e-08
26 3.217528172440182e-08
1000 2.992078298561235e-08
