. 0.006339606385758926
? 0.0008303351885820237
! 0.0006756157989523339
1. 0.00032049907418283367
2. 0.00012386124393139647
3. 0.00011752271685186589
• 4.583574278319869e-06
2 4.3943328927155394e-06
1 3.45176086183543e-06
3 3.308855605469908e-06
??? 2.994744102712843e-06
4 2.694370862365599e-06
5 1.7488152345472918e-06
10 1.39838118906699e-06
6 1.0563923763470712e-06
7 7.328820786074238e-07
> 7.180537836826458e-07
9 5.789496665318611e-07
* 5.665614192090187e-07
8 4.7108870690088464e-07
12 4.604784212734324e-07
!!! 4.504265895751484e-07
( 3.137629068212182e-07
11 3.0161107130823786e-07
14 2.6590786074873e-07
17 2.366630884502854e-07
I 2.1910532359640602e-07
15 1.870192612584004e-07
13 1.8076552071939882e-07
(1) 1.8024624922500069e-07
!!!!! 1.7210255542681555e-07
19 1.5759042438225485e-07
18 1.1915663053511306e-07
!! 1.1368202562394413e-07
-- 1.122089338116687e-07
16 1.045617036871493e-07
Introduction 8.240478088951166e-08
2015 8.187988538330296e-08
or 7.696524354209887e-08
, 7.000319115477e-08
in 6.863861808034067e-08
Answer 6.343200690042137e-08
2019 6.309820811492133e-08
(2) 6.143722705189583e-08
2018 6.02903792434654e-08
In 5.788958179049248e-08
Next 4.981715876638523e-08
Question 4.04817361941919e-08
and 3.714995383356411e-08
(3) 3.570824828399302e-08
