. 0.000142030217307732
1. 0.00012334907485779013
4. 7.97155272264117e-05
3. 5.313002688383318e-05
2. 4.460880941694331e-05
! 1.3896854708252897e-05
? 1.2120630193310099e-05
5 3.4848339787555075e-06
4 3.394113902992073e-06
1 3.3858924923300425e-06
3 3.2563347056892096e-06
2 3.1863699014180545e-06
10 1.7320011452646503e-06
> 1.6103937952888451e-06
6 1.5192856178435546e-06
7 1.3715147011103987e-06
9 9.656978153998365e-07
8 7.936022620045227e-07
* 7.559026448330481e-07
??? 6.42286710222798e-07
14 3.784153155114626e-07
12 3.7687729031592004e-07
15 3.19696224830927e-07
11 2.603034936277009e-07
19 2.5396675732217965e-07
13 2.4278264766248694e-07
17 2.4122100627470727e-07
!!! 1.9788323202542096e-07
16 1.747356670532852e-07
(1) 1.5179043057007976e-07
18 1.481733859935727e-07
( 1.193862411955388e-07
!!!!! 9.596428771340112e-08
, 9.392355942646432e-08
!! 7.595239823784667e-08
25 7.382955121616715e-08
- 6.091812546891022e-08
20 5.858162321001705e-08
and 5.2357172826088885e-08
or 5.1561772996767927e-08
21 4.6461967931000305e-08
1.5 4.562181506955187e-08
22 4.343387162792503e-08
27 4.031107544849258e-08
100% 3.799652217795774e-08
Next 3.6599088638221635e-08
100 3.363874325009471e-08
26 3.2256141558657076e-08
1000 2.9162548401180194e-08
23 2.8460088600188895e-08
